ID,LV,Value1,Value2,EXP
901101,HP_LV1,10.0,10.0,100
901102,HP_LV2,10.0,20.0,200
901103,HP_LV3,10.0,30.0,300
901104,HP_LV4,20.0,50.0,400
901105,HP_LV5,20.0,70.0,600
901106,HP_LV6,30.0,100.0,800
901107,HP_LV7,50.0,150.0,1000
901108,HP_LV8,100.0,250.0,5000
901109,HP_LV9,100.0,350.0,8000
901110,HP_LV10,150.0,500.0,12000
