ID,LV,Value1,Value2,EXP,Value3,Value4,Value5,Value6
911301,1,0.010,0.010,300,0.0,0.0,0.0,0.0
911302,2,0.010,0.020,900,0.0,0.0,0.0,0.0
911303,3,0.010,0.030,1200,0.0,0.0,0.0,0.0
911304,4,0.010,0.040,1500,0.0,0.0,0.0,0.0
911305,5,0.010,0.050,1800,0.0,0.0,0.0,0.0
911306,6,0.010,0.060,2400,0.0,0.0,0.0,0.0
911307,7,0.020,0.080,3600,0.0,0.0,0.0,0.0
911308,8,0.030,0.110,12000,0.0,0.0,0.0,0.0
911309,9,0.040,0.150,16500,0.0,0.0,0.0,0.0
911310,10,0.050,0.200,22500,0.0,0.0,0.0,0.0
