ID,LV,Value1,Sum1,EXP1,Value2,Sum2,EXP2,Value3,Sum3,EXP3
92301,1,1,1,30000,0.20,0.20,1200,4,4,500
92302,2,1,2,60000,0.20,0.40,1800,4,8,750
92303,3,0,0,0,0.20,0.60,2400,4,12,1000
92304,4,0,0,0,0.20,0.80,3000,4,16,1250
92305,5,0,0,0,0.20,1.00,3600,4,20,1500
92306,6,0,0,0,0.20,1.20,4200,4,24.0,1750
92307,7,0,0,0,0.30,1.50,6000,5,29,2500
92308,8,0,0,0,0.40,1.90,12000,6,35,9000
92309,9,0,0,0,0.50,2.40,15600,7,42.0,12500
92310,10,0,0,0,0.60,3.00,18000,8.0,50.0,16500
